#	旁白(20000-29999)			
#	Id		Content	DialogIdArr
#	int		string	string
#	旁白ID	策划备注	旁白内容	id数组
	20000	旁白	李真是一个贫困的大学生，她自卑，却又有着强烈的自尊心，这使她显得很清高，她的内心开始远离真实的自己，变得冷漠孤僻，细心的室友在相处过程中逐渐注意到她这种心理，安排了一次生日会，化解她们之间的种种误会。一天，在学校的林荫道上黄青云，张衡，张刘藏，申明亚，白家琳五个人有说有笑地边聊天边走路，李真一个人走在前面	30000|30001|30002|30003|30004|30005|30006
	20001		李真其实是在艺术楼的门口等她们出来，而张刘藏她们已经从另一边去了图书馆，等了一会儿，李真便独自回到了寝室。寝室的空间并不大，李真却感觉这是一座偌大的空城，她独自站在这中央，站在这快要让人窒息的寂静中，空城里再没有其他人，只充斥着她的寂寞，她的孤独，和她因寂寞和孤独突然感觉到的恐惧……（李真坐下，拿起电话，拨了家里的号码，良久）(电话接线员：您拨打的用户暂时无法接通，请稍后再拨。)（李真失落的放下电话，拿起书随意的翻着，这时候张刘藏她们五个回来了）	30007|30008|30009|30010|30011|30012|30013|30014
	20002		接下来的那几天，李真仍旧保持着她特有的沉默，其他五人也很识趣地不再主动去找她，路上熙攘的人群中总是看见她一个人低头走着自己的路，似乎她是来自另一个世界的……	-1
	20003		寝室内，李真在翻书，申、黄、张，白提着一大堆东西进来	30015|30016|30017|30018|30019|30020|30021|30022|30023|30024|30025|30026|30027|30028|30029|30030|30031|30032|30033|30034|30035|30036|30037|30038|30039|30040|30041|30042|30043|30044|30045|30046
	20004		李真回到寝室，发现寝室里没有开灯，她觉得自己是彻底的被这个世界遗弃了，那些幸福的欢笑永远都不会属于她，她还能奢望什么呢？妈妈还在家里洗衣服吗？她应该也在思念着这个今天刚满１９岁的女孩吧…（李真打开灯，惊讶的发现自己的桌上摆着一个蛋糕，还有一张字条：祝李真１９岁生日快乐！)黄青云五人从门后走出	30045|30046|30047|30048|30049|30050|30051|30052
	20005		"在这一首发自内心唱出来的生日快乐歌中，李真觉得自己的心理被什么触动了，不再那么僵硬，连呼吸都变得顺畅，她突然觉得，原来她还有一个家，原来她并不孤独，原来生活并没有遗弃她。人生一世，白云悠悠；飘走的是 多少沧桑与眼泪岁月苦短，汜水流尽，沉淀的又是多少往事与回忆人生真的很难，会遇到许多沟沟坎坎，会遇到许多挫折与打击孤独无助时真心希望有人来帮我们一把.然而在人生旅途上许许多多的看客,从我们生命的驿站匆匆而过不作任何停留,也没有带走一丝云彩,只有那些命里注定的人会在我们身边停下。与我们相识，相知，相惜。与我们成为朋友。共同搏击人生长河里的激浪。朋友们，也许你的眼前是一片无止境的阴霾。也许你常常在孤独中感到绝望和无助。但是，请回头看看，你会发现有一大片的阳光在等着你转身去拥抱。"	-1
	20006		来自偏远农村的郭小峰在母亲的陪同下来大学报到，此刻母亲和他正来到工大门口。	30053|30054|30055|30056|30057|30058|30059|30060|30061|30062|30063|30064
	20007		郭小峰拿着行李向新生接待处走去，突然，天空下起了大雨，郭小峰因为提着行李，只能用一只手挡着雨，（伴奏《母亲》刘德华版）忽然，他感到没有雨打在他身上了，回头一看，是他的母亲在后面为他撑起一把红雨伞，因为伞不大，母亲几乎都被淋湿了。	30065|30066|30067|30068|30069|30070|30071|30072|30073
	20008		小峰为母亲打着伞，一起和母亲走向新生接待处。	-1
	20009		晚上的高数课下后，班上的同学都走了，只有郭小峰还在讲台那问老师问题	30074|30075|30076|30077|30078|30079|30080|30081|30082|30083|30084|30085|30086|30087|30088|30089|30090|30091
